SIZE 900.0 900.0 255 255 255
POLYGON 4 255 255 255
498.2962913144534 437.05904774487396 166 23 255 1
450.0 450.0 166 23 255 1
500.0 450.0 166 23 255 1
450.0 450.0 166 23 255 1

POLYGON 4 255 255 255
485.3553390593274 414.6446609406726 166 23 255 1
450.0 450.0 166 23 255 1
493.3012701892219 425.0 166 23 255 1
450.0 450.0 166 23 255 1

POLYGON 4 255 255 255
462.94095225512604 401.7037086855466 166 23 255 1
450.0 450.0 166 23 255 1
475.0 406.69872981077805 166 23 255 1
450.0 450.0 166 23 255 1

POLYGON 4 255 255 255
437.05904774487396 401.7037086855466 166 23 255 1
450.0 450.0 166 23 255 1
450.0 400.0 166 23 255 1
450.0 450.0 166 23 255 1

POLYGON 4 255 255 255
414.6446609406726 414.6446609406726 166 23 255 1
450.0 450.0 166 23 255 1
425.0 406.6987298107781 166 23 255 1
450.0 450.0 166 23 255 1

POLYGON 4 255 255 255
401.7037086855466 437.05904774487396 166 23 255 1
450.0 450.0 166 23 255 1
406.69872981077805 425.0 166 23 255 1
450.0 450.0 166 23 255 1

POLYGON 4 255 255 255
401.7037086855466 462.94095225512604 166 23 255 1
450.0 450.0 166 23 255 1
400.0 450.0 166 23 255 1
450.0 450.0 166 23 255 1

POLYGON 4 255 255 255
414.6446609406726 485.3553390593274 166 23 255 1
450.0 450.0 166 23 255 1
406.69872981077805 475.0 166 23 255 1
450.0 450.0 166 23 255 1

POLYGON 4 255 255 255
437.05904774487396 498.2962913144534 166 23 255 1
450.0 450.0 166 23 255 1
425.0 493.30127018922195 166 23 255 1
450.0 450.0 166 23 255 1

POLYGON 4 255 255 255
462.94095225512604 498.2962913144534 166 23 255 1
450.0 450.0 166 23 255 1
450.0 500.0 166 23 255 1
450.0 450.0 166 23 255 1

POLYGON 4 255 255 255
485.3553390593274 485.3553390593274 166 23 255 1
450.0 450.0 166 23 255 1
475.0 493.30127018922195 166 23 255 1
450.0 450.0 166 23 255 1

POLYGON 4 255 255 255
498.2962913144534 462.94095225512604 166 23 255 1
450.0 450.0 166 23 255 1
493.30127018922195 475.0 166 23 255 1
450.0 450.0 166 23 255 1

POLYGON 28 255 255 255
498.29629131445347 437.05904774487396 166 23 255 1
448.29629131445347 437.05904774487396 166 23 255 1
498.29629131445347 437.05904774487396 166 23 255 1
450.00000000000006 424.11809548974793 166 23 255 1
498.29629131445347 437.05904774487396 166 23 255 1
454.9950211252315 412.05904774487396 166 23 255 1
498.29629131445347 437.05904774487396 166 23 255 1
462.9409522551261 401.7037086855466 166 23 255 1
498.29629131445347 437.05904774487396 166 23 255 1
473.29629131445347 393.75777755565207 166 23 255 1
498.29629131445347 437.05904774487396 166 23 255 1
485.35533905932743 388.76275643042055 166 23 255 1
498.29629131445347 437.05904774487396 166 23 255 1
498.29629131445347 387.05904774487396 166 23 255 1
498.29629131445347 437.05904774487396 166 23 255 1
511.2372435695795 388.76275643042055 166 23 255 1
498.29629131445347 437.05904774487396 166 23 255 1
523.2962913144535 393.757777555652 166 23 255 1
498.2962913144534 437.05904774487396 166 23 255 1
533.6516303737808 401.7037086855466 166 23 255 1
498.29629131445347 437.05904774487396 166 23 255 1
541.5975615036754 412.05904774487396 166 23 255 1
498.2962913144534 437.05904774487396 166 23 255 1
546.5925826289068 424.11809548974793 166 23 255 1
498.2962913144534 437.05904774487396 166 23 255 1
450.0 450.0 166 23 255 1
500.0 450.0 166 23 255 1
450.0 450.0 166 23 255 1

POLYGON 1100 255 255 255
399.9999999999994 450.0 166 23 255 1
448.2962913144528 462.94095225512604 166 23 255 1
399.9999999999994 450.0 166 23 255 1
351.70370868554596 437.05904774487396 166 23 255 1
395.0049788747679 462.05904774487396 166 23 255 1
351.70370868554596 437.05904774487396 166 23 255 1
387.05904774487334 472.41438680420134 166 23 255 1
351.70370868554596 437.05904774487396 166 23 255 1
376.70370868554596 480.3603179340959 166 23 255 1
351.70370868554596 437.05904774487396 166 23 255 1
364.644660940672 485.3553390593274 166 23 255 1
351.70370868554596 437.05904774487396 166 23 255 1
351.70370868554596 487.05904774487396 166 23 255 1
351.70370868554596 437.05904774487396 166 23 255 1
338.7627564304199 485.3553390593274 166 23 255 1
351.70370868554596 437.05904774487396 166 23 255 1
326.70370868554596 480.3603179340959 166 23 255 1
351.70370868554596 437.05904774487396 166 23 255 1
316.3483696262186 472.41438680420134 166 23 255 1
351.70370868554596 437.05904774487396 166 23 255 1
308.402438496324 462.05904774487396 166 23 255 1
351.70370868554596 437.05904774487396 166 23 255 1
303.40741737109255 450.0 166 23 255 1
351.70370868554596 437.05904774487396 166 23 255 1
301.70370868554596 437.05904774487396 166 23 255 1
351.70370868554596 437.05904774487396 166 23 255 1
303.40741737109255 424.11809548974793 166 23 255 1
351.70370868554596 437.05904774487396 166 23 255 1
308.402438496324 412.05904774487396 166 23 255 1
351.70370868554596 437.05904774487396 166 23 255 1
316.3483696262186 401.7037086855466 166 23 255 1
351.70370868554596 437.05904774487396 166 23 255 1
326.70370868554596 393.75777755565207 166 23 255 1
351.70370868554596 437.05904774487396 166 23 255 1
338.7627564304199 388.76275643042055 166 23 255 1
351.70370868554596 437.05904774487396 166 23 255 1
351.70370868554596 387.05904774487396 166 23 255 1
351.70370868554596 437.05904774487396 166 23 255 1
364.644660940672 388.76275643042055 166 23 255 1
351.70370868554596 437.05904774487396 166 23 255 1
376.70370868554596 393.757777555652 166 23 255 1
351.70370868554596 437.05904774487396 166 23 255 1
387.05904774487334 401.7037086855466 166 23 255 1
351.70370868554596 437.05904774487396 166 23 255 1
395.00497887476786 412.05904774487396 166 23 255 1
351.70370868554596 437.05904774487396 166 23 255 1
399.9999999999994 424.11809548974793 166 23 255 1
351.70370868554596 437.05904774487396 166 23 255 1
401.70370868554596 437.05904774487396 166 23 255 1
351.70370868554596 437.05904774487396 166 23 255 1
399.9999999999994 450.0 166 23 255 1
351.70370868554596 437.05904774487396 166 23 255 1
395.0049788747679 462.05904774487396 166 23 255 1
351.70370868554596 437.05904774487396 166 23 255 1
308.402438496324 412.05904774487396 166 23 255 1
343.7577775556514 447.41438680420134 166 23 255 1
308.402438496324 412.05904774487396 166 23 255 1
333.402438496324 455.3603179340959 166 23 255 1
308.402438496324 412.05904774487396 166 23 255 1
321.34339075145004 460.3553390593274 166 23 255 1
308.402438496324 412.05904774487396 166 23 255 1
308.402438496324 462.05904774487396 166 23 255 1
308.402438496324 412.05904774487396 166 23 255 1
295.461486241198 460.3553390593274 166 23 255 1
308.402438496324 412.05904774487396 166 23 255 1
283.402438496324 455.3603179340959 166 23 255 1
308.402438496324 412.05904774487396 166 23 255 1
273.04709943699663 447.41438680420134 166 23 255 1
308.402438496324 412.05904774487396 166 23 255 1
265.10116830710206 437.05904774487396 166 23 255 1
308.402438496324 412.05904774487396 166 23 255 1
260.1061471818706 425.0 166 23 255 1
308.402438496324 412.05904774487396 166 23 255 1
258.402438496324 412.05904774487396 166 23 255 1
308.402438496324 412.05904774487396 166 23 255 1
260.1061471818706 399.11809548974793 166 23 255 1
308.402438496324 412.05904774487396 166 23 255 1
265.10116830710206 387.05904774487396 166 23 255 1
308.402438496324 412.05904774487396 166 23 255 1
273.04709943699663 376.7037086855466 166 23 255 1
308.402438496324 412.05904774487396 166 23 255 1
283.402438496324 368.75777755565207 166 23 255 1
308.402438496324 412.05904774487396 166 23 255 1
295.461486241198 363.76275643042055 166 23 255 1
308.402438496324 412.05904774487396 166 23 255 1
308.402438496324 362.05904774487396 166 23 255 1
308.402438496324 412.05904774487396 166 23 255 1
321.34339075145004 363.76275643042055 166 23 255 1
308.402438496324 412.05904774487396 166 23 255 1
333.402438496324 368.757777555652 166 23 255 1
308.402438496324 412.05904774487396 166 23 255 1
343.7577775556514 376.7037086855466 166 23 255 1
308.402438496324 412.05904774487396 166 23 255 1
351.7037086855459 387.05904774487396 166 23 255 1
308.402438496324 412.05904774487396 166 23 255 1
356.6987298107774 399.11809548974793 166 23 255 1
308.402438496324 412.05904774487396 166 23 255 1
358.402438496324 412.05904774487396 166 23 255 1
308.402438496324 412.05904774487396 166 23 255 1
356.6987298107774 425.0 166 23 255 1
308.402438496324 412.05904774487396 166 23 255 1
351.70370868554596 437.05904774487396 166 23 255 1
308.402438496324 412.05904774487396 166 23 255 1
343.7577775556514 447.41438680420134 166 23 255 1
308.402438496324 412.05904774487396 166 23 255 1
273.04709943699663 376.7037086855466 166 23 255 1
298.04709943699663 420.00497887476854 166 23 255 1
273.04709943699663 376.7037086855466 166 23 255 1
285.98805169212267 425.0 166 23 255 1
273.04709943699663 376.7037086855466 166 23 255 1
273.04709943699663 426.7037086855466 166 23 255 1
273.04709943699663 376.7037086855466 166 23 255 1
260.1061471818706 425.0 166 23 255 1
273.04709943699663 376.7037086855466 166 23 255 1
248.04709943699663 420.00497887476854 166 23 255 1
273.04709943699663 376.7037086855466 166 23 255 1
237.69176037766925 412.05904774487396 166 23 255 1
273.04709943699663 376.7037086855466 166 23 255 1
229.74582924777468 401.7037086855466 166 23 255 1
273.04709943699663 376.7037086855466 166 23 255 1
224.75080812254322 389.6446609406726 166 23 255 1
273.04709943699663 376.7037086855466 166 23 255 1
223.04709943699663 376.7037086855466 166 23 255 1
273.04709943699663 376.7037086855466 166 23 255 1
224.75080812254322 363.76275643042055 166 23 255 1
273.04709943699663 376.7037086855466 166 23 255 1
229.7458292477747 351.7037086855466 166 23 255 1
273.04709943699663 376.7037086855466 166 23 255 1
237.69176037766925 341.3483696262192 166 23 255 1
273.04709943699663 376.7037086855466 166 23 255 1
248.0470994369966 333.4024384963247 166 23 255 1
273.04709943699663 376.7037086855466 166 23 255 1
260.1061471818706 328.4074173710932 166 23 255 1
273.04709943699663 376.7037086855466 166 23 255 1
273.04709943699663 326.7037086855466 166 23 255 1
273.04709943699663 376.7037086855466 166 23 255 1
285.98805169212267 328.4074173710932 166 23 255 1
273.04709943699663 376.7037086855466 166 23 255 1
298.04709943699663 333.40243849632463 166 23 255 1
273.04709943699663 376.7037086855466 166 23 255 1
308.402438496324 341.3483696262192 166 23 255 1
273.04709943699663 376.7037086855466 166 23 255 1
316.3483696262185 351.7037086855466 166 23 255 1
273.04709943699663 376.7037086855466 166 23 255 1
321.34339075145004 363.76275643042055 166 23 255 1
273.04709943699663 376.7037086855466 166 23 255 1
323.04709943699663 376.7037086855466 166 23 255 1
273.04709943699663 376.7037086855466 166 23 255 1
321.34339075145004 389.6446609406726 166 23 255 1
273.04709943699663 376.7037086855466 166 23 255 1
316.3483696262186 401.7037086855466 166 23 255 1
273.04709943699663 376.7037086855466 166 23 255 1
308.402438496324 412.05904774487396 166 23 255 1
273.04709943699663 376.7037086855466 166 23 255 1
298.04709943699663 420.00497887476854 166 23 255 1
273.04709943699663 376.7037086855466 166 23 255 1
248.04709943699663 333.40243849632463 166 23 255 1
260.98805169212267 381.69872981077805 166 23 255 1
248.04709943699663 333.40243849632463 166 23 255 1
248.04709943699663 383.40243849632463 166 23 255 1
248.04709943699663 333.40243849632463 166 23 255 1
235.1061471818706 381.69872981077805 166 23 255 1
248.04709943699663 333.40243849632463 166 23 255 1
223.04709943699663 376.7037086855466 166 23 255 1
248.04709943699663 333.40243849632463 166 23 255 1
212.69176037766925 368.757777555652 166 23 255 1
248.04709943699663 333.40243849632463 166 23 255 1
204.74582924777468 358.40243849632463 166 23 255 1
248.0470994369966 333.40243849632463 166 23 255 1
199.7508081225432 346.34339075145067 166 23 255 1
248.0470994369966 333.40243849632463 166 23 255 1
198.0470994369966 333.40243849632463 166 23 255 1
248.0470994369966 333.40243849632463 166 23 255 1
199.7508081225432 320.4614862411986 166 23 255 1
248.0470994369966 333.40243849632463 166 23 255 1
204.74582924777468 308.40243849632463 166 23 255 1
248.0470994369966 333.40243849632463 166 23 255 1
212.69176037766923 298.04709943699726 166 23 255 1
248.0470994369966 333.40243849632463 166 23 255 1
223.04709943699658 290.10116830710274 166 23 255 1
248.0470994369966 333.40243849632463 166 23 255 1
235.10614718187057 285.1061471818712 166 23 255 1
248.0470994369966 333.40243849632463 166 23 255 1
248.0470994369966 283.40243849632463 166 23 255 1
248.0470994369966 333.40243849632463 166 23 255 1
260.9880516921226 285.1061471818712 166 23 255 1
248.04709943699658 333.40243849632463 166 23 255 1
273.0470994369966 290.1011683071027 166 23 255 1
248.04709943699658 333.40243849632463 166 23 255 1
283.40243849632395 298.04709943699726 166 23 255 1
248.0470994369966 333.40243849632463 166 23 255 1
291.3483696262185 308.40243849632463 166 23 255 1
248.04709943699663 333.40243849632463 166 23 255 1
296.34339075145004 320.4614862411986 166 23 255 1
248.04709943699663 333.40243849632463 166 23 255 1
298.04709943699663 333.40243849632463 166 23 255 1
248.04709943699663 333.40243849632463 166 23 255 1
296.34339075145004 346.34339075145067 166 23 255 1
248.04709943699663 333.40243849632463 166 23 255 1
291.3483696262186 358.40243849632463 166 23 255 1
248.04709943699663 333.40243849632463 166 23 255 1
283.402438496324 368.757777555652 166 23 255 1
248.04709943699663 333.40243849632463 166 23 255 1
273.04709943699663 376.7037086855466 166 23 255 1
248.04709943699663 333.40243849632463 166 23 255 1
260.98805169212267 381.69872981077805 166 23 255 1
248.04709943699663 333.40243849632463 166 23 255 1
235.1061471818706 285.1061471818712 166 23 255 1
235.1061471818706 335.1061471818712 166 23 255 1
235.1061471818706 285.1061471818712 166 23 255 1
222.16519492674456 333.40243849632463 166 23 255 1
235.1061471818706 285.1061471818712 166 23 255 1
210.1061471818706 328.4074173710932 166 23 255 1
235.1061471818706 285.1061471818712 166 23 255 1
199.75080812254322 320.4614862411986 166 23 255 1
235.1061471818706 285.1061471818712 166 23 255 1
191.80487699264864 310.1061471818712 166 23 255 1
235.1061471818706 285.1061471818712 166 23 255 1
186.80985586741718 298.04709943699726 166 23 255 1
235.1061471818706 285.1061471818712 166 23 255 1
185.1061471818706 285.1061471818712 166 23 255 1
235.1061471818706 285.1061471818712 166 23 255 1
186.80985586741718 272.1651949267452 166 23 255 1
235.1061471818706 285.1061471818712 166 23 255 1
191.80487699264867 260.1061471818712 166 23 255 1
235.1061471818706 285.1061471818712 166 23 255 1
199.75080812254322 249.75080812254384 166 23 255 1
235.1061471818706 285.1061471818712 166 23 255 1
210.10614718187057 241.8048769926493 166 23 255 1
235.1061471818706 285.1061471818712 166 23 255 1
222.16519492674456 236.8098558674178 166 23 255 1
235.1061471818706 285.1061471818712 166 23 255 1
235.1061471818706 235.10614718187122 166 23 255 1
235.1061471818706 285.1061471818712 166 23 255 1
248.0470994369966 236.8098558674178 166 23 255 1
235.1061471818706 285.1061471818712 166 23 255 1
260.1061471818706 241.8048769926493 166 23 255 1
235.1061471818706 285.1061471818712 166 23 255 1
270.461486241198 249.75080812254384 166 23 255 1
235.10614718187063 285.1061471818712 166 23 255 1
278.40741737109255 260.1061471818712 166 23 255 1
235.10614718187065 285.1061471818712 166 23 255 1
283.40243849632407 272.1651949267452 166 23 255 1
235.10614718187065 285.1061471818712 166 23 255 1
285.10614718187065 285.1061471818712 166 23 255 1
235.10614718187065 285.1061471818712 166 23 255 1
283.40243849632407 298.04709943699726 166 23 255 1
235.10614718187065 285.1061471818712 166 23 255 1
278.4074173710926 310.1061471818712 166 23 255 1
235.10614718187065 285.1061471818712 166 23 255 1
270.46148624119803 320.4614862411986 166 23 255 1
235.10614718187065 285.1061471818712 166 23 255 1
260.10614718187065 328.4074173710932 166 23 255 1
235.10614718187065 285.1061471818712 166 23 255 1
248.0470994369967 333.40243849632463 166 23 255 1
235.10614718187065 285.1061471818712 166 23 255 1
235.10614718187065 335.1061471818712 166 23 255 1
235.10614718187065 285.1061471818712 166 23 255 1
235.10614718187065 235.10614718187122 166 23 255 1
222.16519492674462 283.40243849632463 166 23 255 1
235.10614718187065 235.10614718187122 166 23 255 1
210.10614718187065 278.4074173710932 166 23 255 1
235.10614718187065 235.10614718187122 166 23 255 1
199.75080812254328 270.4614862411986 166 23 255 1
235.10614718187065 235.10614718187122 166 23 255 1
191.8048769926487 260.1061471818712 166 23 255 1
235.10614718187065 235.10614718187122 166 23 255 1
186.80985586741724 248.04709943699729 166 23 255 1
235.10614718187065 235.10614718187122 166 23 255 1
185.10614718187065 235.10614718187122 166 23 255 1
235.10614718187065 235.10614718187122 166 23 255 1
186.80985586741724 222.1651949267452 166 23 255 1
235.10614718187065 235.10614718187122 166 23 255 1
191.80487699264873 210.10614718187122 166 23 255 1
235.10614718187065 235.10614718187122 166 23 255 1
199.75080812254328 199.75080812254384 166 23 255 1
235.10614718187065 235.10614718187122 166 23 255 1
210.10614718187063 191.8048769926493 166 23 255 1
235.10614718187065 235.10614718187122 166 23 255 1
222.16519492674462 186.8098558674178 166 23 255 1
235.10614718187065 235.10614718187122 166 23 255 1
235.10614718187065 185.10614718187122 166 23 255 1
235.10614718187065 235.10614718187122 166 23 255 1
248.04709943699666 186.8098558674178 166 23 255 1
235.10614718187065 235.10614718187122 166 23 255 1
260.10614718187065 191.8048769926493 166 23 255 1
235.10614718187065 235.10614718187122 166 23 255 1
270.46148624119803 199.75080812254384 166 23 255 1
235.10614718187068 235.10614718187122 166 23 255 1
278.4074173710926 210.1061471818712 166 23 255 1
235.1061471818707 235.10614718187122 166 23 255 1
283.4024384963241 222.1651949267452 166 23 255 1
235.1061471818707 235.10614718187122 166 23 255 1
285.1061471818707 235.10614718187122 166 23 255 1
235.1061471818707 235.10614718187122 166 23 255 1
283.4024384963241 248.04709943699726 166 23 255 1
235.1061471818707 235.10614718187122 166 23 255 1
278.40741737109266 260.1061471818712 166 23 255 1
235.1061471818707 235.10614718187122 166 23 255 1
270.4614862411981 270.4614862411986 166 23 255 1
235.1061471818707 235.10614718187125 166 23 255 1
260.1061471818707 278.4074173710932 166 23 255 1
235.1061471818707 235.10614718187122 166 23 255 1
248.04709943699675 283.40243849632463 166 23 255 1
235.1061471818707 235.10614718187122 166 23 255 1
235.1061471818707 285.1061471818712 166 23 255 1
235.1061471818707 235.10614718187122 166 23 255 1
222.16519492674468 283.40243849632463 166 23 255 1
235.1061471818707 235.10614718187122 166 23 255 1
248.04709943699675 186.8098558674178 166 23 255 1
223.04709943699675 230.11112605663976 166 23 255 1
248.04709943699675 186.8098558674178 166 23 255 1
212.69176037766937 222.1651949267452 166 23 255 1
248.04709943699675 186.8098558674178 166 23 255 1
204.7458292477748 211.8098558674178 166 23 255 1
248.04709943699672 186.8098558674178 166 23 255 1
199.7508081225433 199.75080812254387 166 23 255 1
248.04709943699672 186.8098558674178 166 23 255 1
198.04709943699672 186.8098558674178 166 23 255 1
248.04709943699672 186.8098558674178 166 23 255 1
199.7508081225433 173.86890361229177 166 23 255 1
248.04709943699672 186.8098558674178 166 23 255 1
204.7458292477748 161.8098558674178 166 23 255 1
248.04709943699672 186.8098558674178 166 23 255 1
212.69176037766934 151.45451680809043 166 23 255 1
248.04709943699672 186.8098558674178 166 23 255 1
223.0470994369967 143.50858567819589 166 23 255 1
248.04709943699672 186.8098558674178 166 23 255 1
235.10614718187068 138.5135645529644 166 23 255 1
248.04709943699672 186.8098558674178 166 23 255 1
248.04709943699672 136.8098558674178 166 23 255 1
248.04709943699672 186.8098558674178 166 23 255 1
260.9880516921227 138.5135645529644 166 23 255 1
248.0470994369967 186.8098558674178 166 23 255 1
273.0470994369967 143.50858567819589 166 23 255 1
248.0470994369967 186.8098558674178 166 23 255 1
283.40243849632407 151.45451680809043 166 23 255 1
248.04709943699672 186.8098558674178 166 23 255 1
291.34836962621864 161.80985586741778 166 23 255 1
248.04709943699675 186.8098558674178 166 23 255 1
296.34339075145016 173.86890361229177 166 23 255 1
248.04709943699675 186.8098558674178 166 23 255 1
298.04709943699675 186.8098558674178 166 23 255 1
248.04709943699675 186.8098558674178 166 23 255 1
296.34339075145016 199.75080812254384 166 23 255 1
248.04709943699675 186.8098558674178 166 23 255 1
291.3483696262187 211.8098558674178 166 23 255 1
248.04709943699675 186.8098558674178 166 23 255 1
283.4024384963241 222.1651949267452 166 23 255 1
248.04709943699675 186.8098558674178 166 23 255 1
273.04709943699675 230.11112605663973 166 23 255 1
248.04709943699675 186.8098558674178 166 23 255 1
260.9880516921228 235.10614718187122 166 23 255 1
248.04709943699675 186.8098558674178 166 23 255 1
248.04709943699675 236.8098558674178 166 23 255 1
248.04709943699675 186.8098558674178 166 23 255 1
235.1061471818707 235.10614718187122 166 23 255 1
248.04709943699675 186.8098558674178 166 23 255 1
223.04709943699675 230.11112605663976 166 23 255 1
248.04709943699675 186.8098558674178 166 23 255 1
273.04709943699675 143.50858567819586 166 23 255 1
237.69176037766937 178.86392473752323 166 23 255 1
273.04709943699675 143.50858567819586 166 23 255 1
229.7458292477748 168.50858567819586 166 23 255 1
273.04709943699675 143.50858567819586 166 23 255 1
224.75080812254333 156.44953793332192 166 23 255 1
273.04709943699675 143.50858567819586 166 23 255 1
223.04709943699675 143.50858567819586 166 23 255 1
273.04709943699675 143.50858567819586 166 23 255 1
224.75080812254333 130.56763342306982 166 23 255 1
273.04709943699675 143.50858567819586 166 23 255 1
229.74582924777482 118.50858567819586 166 23 255 1
273.04709943699675 143.50858567819586 166 23 255 1
237.69176037766937 108.15324661886848 166 23 255 1
273.04709943699675 143.50858567819586 166 23 255 1
248.04709943699672 100.20731548897393 166 23 255 1
273.04709943699675 143.50858567819586 166 23 255 1
260.1061471818707 95.21229436374244 166 23 255 1
273.04709943699675 143.50858567819586 166 23 255 1
273.04709943699675 93.50858567819586 166 23 255 1
273.04709943699675 143.50858567819586 166 23 255 1
285.9880516921228 95.21229436374244 166 23 255 1
273.04709943699675 143.50858567819586 166 23 255 1
298.04709943699675 100.20731548897393 166 23 255 1
273.04709943699675 143.50858567819586 166 23 255 1
308.4024384963241 108.15324661886848 166 23 255 1
273.04709943699675 143.50858567819586 166 23 255 1
316.34836962621864 118.50858567819583 166 23 255 1
273.04709943699675 143.50858567819586 166 23 255 1
321.34339075145016 130.56763342306982 166 23 255 1
273.04709943699675 143.50858567819586 166 23 255 1
323.04709943699675 143.50858567819586 166 23 255 1
273.04709943699675 143.50858567819586 166 23 255 1
321.34339075145016 156.4495379333219 166 23 255 1
273.04709943699675 143.50858567819586 166 23 255 1
316.3483696262187 168.50858567819586 166 23 255 1
273.04709943699675 143.50858567819586 166 23 255 1
308.4024384963241 178.86392473752323 166 23 255 1
273.04709943699675 143.50858567819586 166 23 255 1
298.04709943699675 186.80985586741778 166 23 255 1
273.04709943699675 143.50858567819586 166 23 255 1
285.9880516921228 191.80487699264927 166 23 255 1
273.04709943699675 143.50858567819586 166 23 255 1
273.04709943699675 193.50858567819586 166 23 255 1
273.04709943699675 143.50858567819586 166 23 255 1
260.1061471818707 191.80487699264927 166 23 255 1
273.04709943699675 143.50858567819586 166 23 255 1
248.04709943699675 186.8098558674178 166 23 255 1
273.04709943699675 143.50858567819586 166 23 255 1
237.69176037766937 178.86392473752323 166 23 255 1
273.04709943699675 143.50858567819586 166 23 255 1
308.4024384963241 108.15324661886848 166 23 255 1
265.10116830710217 133.15324661886848 166 23 255 1
308.4024384963241 108.15324661886848 166 23 255 1
260.1061471818707 121.09419887399453 166 23 255 1
308.4024384963241 108.15324661886848 166 23 255 1
258.4024384963241 108.15324661886848 166 23 255 1
308.4024384963241 108.15324661886848 166 23 255 1
260.1061471818707 95.21229436374244 166 23 255 1
308.4024384963241 108.15324661886848 166 23 255 1
265.10116830710217 83.15324661886848 166 23 255 1
308.4024384963241 108.15324661886848 166 23 255 1
273.04709943699675 72.7979075595411 166 23 255 1
308.4024384963241 108.15324661886848 166 23 255 1
283.4024384963241 64.85197642964656 166 23 255 1
308.4024384963241 108.15324661886848 166 23 255 1
295.4614862411981 59.85695530441507 166 23 255 1
308.4024384963241 108.15324661886848 166 23 255 1
308.4024384963241 58.15324661886848 166 23 255 1
308.4024384963241 108.15324661886848 166 23 255 1
321.34339075145016 59.85695530441506 166 23 255 1
308.4024384963241 108.15324661886848 166 23 255 1
333.4024384963241 64.85197642964656 166 23 255 1
308.4024384963241 108.15324661886848 166 23 255 1
343.7577775556515 72.7979075595411 166 23 255 1
308.4024384963241 108.15324661886848 166 23 255 1
351.703708685546 83.15324661886845 166 23 255 1
308.4024384963241 108.15324661886848 166 23 255 1
356.69872981077754 95.21229436374244 166 23 255 1
308.4024384963241 108.15324661886848 166 23 255 1
358.4024384963241 108.15324661886848 166 23 255 1
308.4024384963241 108.15324661886848 166 23 255 1
356.69872981077754 121.09419887399451 166 23 255 1
308.4024384963241 108.15324661886848 166 23 255 1
351.7037086855461 133.15324661886848 166 23 255 1
308.4024384963241 108.15324661886848 166 23 255 1
343.7577775556515 143.50858567819586 166 23 255 1
308.4024384963241 108.15324661886848 166 23 255 1
333.4024384963241 151.4545168080904 166 23 255 1
308.4024384963241 108.15324661886848 166 23 255 1
321.34339075145016 156.4495379333219 166 23 255 1
308.4024384963241 108.15324661886848 166 23 255 1
308.4024384963241 158.15324661886848 166 23 255 1
308.4024384963241 108.15324661886848 166 23 255 1
295.4614862411981 156.4495379333219 166 23 255 1
308.4024384963241 108.1532466188685 166 23 255 1
283.4024384963241 151.45451680809043 166 23 255 1
308.4024384963241 108.15324661886848 166 23 255 1
273.04709943699675 143.50858567819586 166 23 255 1
308.4024384963241 108.15324661886848 166 23 255 1
265.10116830710217 133.15324661886848 166 23 255 1
308.4024384963241 108.15324661886848 166 23 255 1
351.7037086855461 83.15324661886848 166 23 255 1
303.40741737109266 96.09419887399453 166 23 255 1
351.7037086855461 83.15324661886848 166 23 255 1
301.7037086855461 83.15324661886848 166 23 255 1
351.7037086855461 83.15324661886848 166 23 255 1
303.40741737109266 70.21229436374244 166 23 255 1
351.7037086855461 83.15324661886848 166 23 255 1
308.4024384963241 58.15324661886847 166 23 255 1
351.7037086855461 83.15324661886848 166 23 255 1
316.3483696262187 47.79790755954111 166 23 255 1
351.7037086855461 83.15324661886848 166 23 255 1
326.7037086855461 39.85197642964656 166 23 255 1
351.7037086855461 83.15324661886848 166 23 255 1
338.76275643042004 34.85695530441507 166 23 255 1
351.7037086855461 83.15324661886848 166 23 255 1
351.7037086855461 33.15324661886848 166 23 255 1
351.7037086855461 83.15324661886848 166 23 255 1
364.6446609406721 34.85695530441506 166 23 255 1
351.7037086855461 83.15324661886848 166 23 255 1
376.7037086855461 39.85197642964655 166 23 255 1
351.7037086855461 83.15324661886848 166 23 255 1
387.05904774487345 47.797907559541095 166 23 255 1
351.7037086855461 83.15324661886848 166 23 255 1
395.00497887476797 58.15324661886846 166 23 255 1
351.7037086855461 83.15324661886848 166 23 255 1
399.9999999999995 70.21229436374244 166 23 255 1
351.7037086855461 83.15324661886848 166 23 255 1
401.7037086855461 83.15324661886848 166 23 255 1
351.7037086855461 83.15324661886848 166 23 255 1
399.9999999999995 96.09419887399451 166 23 255 1
351.7037086855461 83.15324661886848 166 23 255 1
395.004978874768 108.15324661886848 166 23 255 1
351.7037086855461 83.15324661886848 166 23 255 1
387.05904774487345 118.50858567819586 166 23 255 1
351.7037086855461 83.15324661886848 166 23 255 1
376.7037086855461 126.4545168080904 166 23 255 1
351.7037086855461 83.15324661886848 166 23 255 1
364.6446609406721 131.4495379333219 166 23 255 1
351.7037086855461 83.15324661886848 166 23 255 1
351.7037086855461 133.15324661886848 166 23 255 1
351.7037086855461 83.15324661886848 166 23 255 1
338.76275643042004 131.4495379333219 166 23 255 1
351.7037086855461 83.1532466188685 166 23 255 1
326.7037086855461 126.45451680809043 166 23 255 1
351.7037086855461 83.1532466188685 166 23 255 1
316.3483696262187 118.50858567819587 166 23 255 1
351.7037086855461 83.1532466188685 166 23 255 1
308.4024384963241 108.1532466188685 166 23 255 1
351.7037086855461 83.1532466188685 166 23 255 1
303.40741737109266 96.09419887399454 166 23 255 1
351.7037086855461 83.1532466188685 166 23 255 1
399.9999999999995 70.21229436374244 166 23 255 1
349.9999999999995 70.21229436374244 166 23 255 1
399.9999999999995 70.21229436374244 166 23 255 1
351.7037086855461 57.2713421086164 166 23 255 1
399.9999999999995 70.21229436374244 166 23 255 1
356.69872981077754 45.21229436374244 166 23 255 1
399.9999999999995 70.21229436374244 166 23 255 1
364.6446609406721 34.856955304415074 166 23 255 1
399.9999999999995 70.21229436374244 166 23 255 1
374.9999999999995 26.911024174520527 166 23 255 1
399.9999999999995 70.21229436374244 166 23 255 1
387.05904774487345 21.91600304928903 166 23 255 1
399.9999999999995 70.21229436374244 166 23 255 1
399.9999999999995 20.212294363742444 166 23 255 1
399.9999999999995 70.21229436374244 166 23 255 1
412.9409522551255 21.916003049289024 166 23 255 1
399.9999999999995 70.21229436374244 166 23 255 1
424.9999999999995 26.911024174520513 166 23 255 1
399.9999999999995 70.21229436374244 166 23 255 1
435.35533905932687 34.85695530441506 166 23 255 1
399.9999999999995 70.21229436374244 166 23 255 1
443.3012701892214 45.21229436374242 166 23 255 1
399.9999999999995 70.21229436374244 166 23 255 1
448.2962913144529 57.27134210861641 166 23 255 1
399.9999999999995 70.21229436374244 166 23 255 1
449.9999999999995 70.21229436374244 166 23 255 1
399.9999999999995 70.21229436374244 166 23 255 1
448.2962913144529 83.15324661886848 166 23 255 1
399.9999999999995 70.21229436374244 166 23 255 1
443.30127018922144 95.21229436374244 166 23 255 1
399.9999999999995 70.21229436374244 166 23 255 1
435.35533905932687 105.56763342306982 166 23 255 1
399.9999999999995 70.21229436374244 166 23 255 1
424.9999999999995 113.51356455296437 166 23 255 1
399.9999999999995 70.21229436374244 166 23 255 1
412.9409522551255 118.50858567819586 166 23 255 1
399.9999999999995 70.21229436374244 166 23 255 1
399.9999999999995 120.21229436374244 166 23 255 1
399.9999999999995 70.21229436374244 166 23 255 1
387.05904774487345 118.50858567819586 166 23 255 1
399.9999999999995 70.21229436374244 166 23 255 1
374.9999999999995 113.51356455296438 166 23 255 1
399.9999999999995 70.21229436374244 166 23 255 1
364.6446609406721 105.56763342306982 166 23 255 1
399.9999999999995 70.21229436374244 166 23 255 1
356.69872981077754 95.21229436374244 166 23 255 1
399.9999999999995 70.21229436374244 166 23 255 1
351.7037086855461 83.1532466188685 166 23 255 1
399.9999999999995 70.21229436374244 166 23 255 1
349.9999999999995 70.21229436374244 166 23 255 1
399.9999999999995 70.21229436374244 166 23 255 1
449.9999999999995 70.21229436374244 166 23 255 1
401.7037086855461 57.2713421086164 166 23 255 1
449.9999999999995 70.21229436374244 166 23 255 1
406.69872981077754 45.21229436374244 166 23 255 1
449.9999999999995 70.21229436374244 166 23 255 1
414.6446609406721 34.856955304415074 166 23 255 1
449.9999999999995 70.21229436374244 166 23 255 1
424.9999999999995 26.911024174520527 166 23 255 1
449.9999999999995 70.21229436374244 166 23 255 1
437.05904774487345 21.91600304928903 166 23 255 1
449.9999999999995 70.21229436374244 166 23 255 1
449.9999999999995 20.212294363742444 166 23 255 1
449.9999999999995 70.21229436374244 166 23 255 1
462.9409522551255 21.916003049289024 166 23 255 1
449.9999999999995 70.21229436374244 166 23 255 1
474.9999999999995 26.911024174520513 166 23 255 1
449.9999999999995 70.21229436374244 166 23 255 1
485.35533905932687 34.85695530441506 166 23 255 1
449.9999999999995 70.21229436374244 166 23 255 1
493.3012701892214 45.21229436374242 166 23 255 1
449.9999999999995 70.21229436374244 166 23 255 1
498.2962913144529 57.27134210861641 166 23 255 1
449.9999999999995 70.21229436374244 166 23 255 1
499.9999999999995 70.21229436374244 166 23 255 1
449.9999999999995 70.21229436374244 166 23 255 1
498.2962913144529 83.15324661886848 166 23 255 1
449.9999999999995 70.21229436374244 166 23 255 1
493.30127018922144 95.21229436374244 166 23 255 1
449.9999999999995 70.21229436374244 166 23 255 1
485.35533905932687 105.56763342306982 166 23 255 1
449.9999999999995 70.21229436374244 166 23 255 1
474.9999999999995 113.51356455296437 166 23 255 1
449.9999999999995 70.21229436374244 166 23 255 1
462.9409522551255 118.50858567819586 166 23 255 1
449.9999999999995 70.21229436374244 166 23 255 1
449.9999999999995 120.21229436374244 166 23 255 1
449.9999999999995 70.21229436374244 166 23 255 1
437.05904774487345 118.50858567819586 166 23 255 1
449.9999999999995 70.21229436374244 166 23 255 1
424.9999999999995 113.51356455296438 166 23 255 1
449.9999999999995 70.21229436374244 166 23 255 1
414.6446609406721 105.56763342306982 166 23 255 1
449.9999999999995 70.21229436374244 166 23 255 1
406.69872981077754 95.21229436374244 166 23 255 1
449.9999999999995 70.21229436374244 166 23 255 1
401.7037086855461 83.1532466188685 166 23 255 1
449.9999999999995 70.21229436374244 166 23 255 1
399.9999999999995 70.21229436374244 166 23 255 1
449.9999999999995 70.21229436374244 166 23 255 1
401.7037086855461 57.2713421086164 166 23 255 1
449.9999999999995 70.21229436374244 166 23 255 1
498.2962913144529 83.15324661886848 166 23 255 1
454.99502112523095 58.15324661886847 166 23 255 1
498.2962913144529 83.15324661886848 166 23 255 1
462.9409522551255 47.79790755954111 166 23 255 1
498.2962913144529 83.15324661886848 166 23 255 1
473.2962913144529 39.85197642964656 166 23 255 1
498.2962913144529 83.15324661886848 166 23 255 1
485.35533905932687 34.85695530441507 166 23 255 1
498.2962913144529 83.15324661886848 166 23 255 1
498.2962913144529 33.15324661886848 166 23 255 1
498.2962913144529 83.15324661886848 166 23 255 1
511.23724356957894 34.85695530441506 166 23 255 1
498.2962913144529 83.15324661886848 166 23 255 1
523.2962913144529 39.85197642964655 166 23 255 1
498.29629131445284 83.15324661886848 166 23 255 1
533.6516303737802 47.797907559541095 166 23 255 1
498.2962913144529 83.15324661886848 166 23 255 1
541.5975615036748 58.15324661886846 166 23 255 1
498.29629131445284 83.15324661886848 166 23 255 1
546.5925826289063 70.21229436374244 166 23 255 1
498.2962913144529 83.15324661886848 166 23 255 1
548.2962913144529 83.15324661886848 166 23 255 1
498.29629131445296 83.15324661886848 166 23 255 1
546.5925826289064 96.09419887399451 166 23 255 1
498.29629131445296 83.15324661886848 166 23 255 1
541.5975615036749 108.15324661886848 166 23 255 1
498.29629131445296 83.15324661886848 166 23 255 1
533.6516303737803 118.50858567819586 166 23 255 1
498.2962913144529 83.15324661886848 166 23 255 1
523.2962913144529 126.4545168080904 166 23 255 1
498.29629131445284 83.15324661886848 166 23 255 1
511.2372435695789 131.4495379333219 166 23 255 1
498.29629131445284 83.15324661886848 166 23 255 1
498.29629131445284 133.15324661886848 166 23 255 1
498.29629131445284 83.15324661886848 166 23 255 1
485.3553390593268 131.4495379333219 166 23 255 1
498.29629131445284 83.15324661886848 166 23 255 1
473.29629131445284 126.45451680809042 166 23 255 1
498.29629131445284 83.15324661886848 166 23 255 1
462.94095225512547 118.50858567819586 166 23 255 1
498.29629131445284 83.15324661886848 166 23 255 1
454.9950211252309 108.15324661886848 166 23 255 1
498.29629131445284 83.15324661886848 166 23 255 1
449.99999999999943 96.09419887399453 166 23 255 1
498.29629131445284 83.15324661886848 166 23 255 1
448.29629131445284 83.15324661886848 166 23 255 1
498.29629131445284 83.15324661886848 166 23 255 1
449.99999999999943 70.21229436374244 166 23 255 1
498.29629131445284 83.15324661886848 166 23 255 1
454.9950211252309 58.15324661886847 166 23 255 1
498.29629131445284 83.15324661886848 166 23 255 1
541.5975615036748 108.15324661886848 166 23 255 1
506.2422224443474 72.7979075595411 166 23 255 1
541.5975615036748 108.15324661886848 166 23 255 1
516.5975615036748 64.85197642964656 166 23 255 1
541.5975615036748 108.15324661886848 166 23 255 1
528.6566092485488 59.85695530441507 166 23 255 1
541.5975615036748 108.15324661886848 166 23 255 1
541.5975615036748 58.15324661886848 166 23 255 1
541.5975615036748 108.15324661886848 166 23 255 1
554.5385137588008 59.85695530441506 166 23 255 1
541.5975615036748 108.15324661886848 166 23 255 1
566.5975615036748 64.85197642964656 166 23 255 1
541.5975615036748 108.15324661886848 166 23 255 1
576.9529005630021 72.7979075595411 166 23 255 1
541.5975615036748 108.15324661886848 166 23 255 1
584.8988316928967 83.15324661886845 166 23 255 1
541.5975615036748 108.15324661886848 166 23 255 1
589.8938528181282 95.21229436374244 166 23 255 1
541.5975615036748 108.15324661886848 166 23 255 1
591.5975615036748 108.15324661886848 166 23 255 1
541.5975615036748 108.15324661886848 166 23 255 1
589.8938528181282 121.09419887399451 166 23 255 1
541.5975615036748 108.15324661886848 166 23 255 1
584.8988316928967 133.15324661886848 166 23 255 1
541.5975615036748 108.15324661886848 166 23 255 1
576.9529005630022 143.50858567819586 166 23 255 1
541.5975615036748 108.15324661886848 166 23 255 1
566.5975615036748 151.4545168080904 166 23 255 1
541.5975615036748 108.15324661886848 166 23 255 1
554.5385137588008 156.4495379333219 166 23 255 1
541.5975615036748 108.15324661886848 166 23 255 1
541.5975615036748 158.15324661886848 166 23 255 1
541.5975615036748 108.15324661886848 166 23 255 1
528.6566092485488 156.4495379333219 166 23 255 1
541.5975615036748 108.1532466188685 166 23 255 1
516.5975615036748 151.45451680809043 166 23 255 1
541.5975615036748 108.15324661886848 166 23 255 1
506.2422224443474 143.50858567819586 166 23 255 1
541.5975615036748 108.15324661886848 166 23 255 1
498.29629131445284 133.15324661886848 166 23 255 1
541.5975615036748 108.15324661886848 166 23 255 1
493.3012701892214 121.09419887399453 166 23 255 1
541.5975615036748 108.15324661886848 166 23 255 1
491.5975615036748 108.15324661886848 166 23 255 1
541.5975615036748 108.15324661886848 166 23 255 1
493.3012701892214 95.21229436374244 166 23 255 1
541.5975615036748 108.15324661886848 166 23 255 1
498.29629131445284 83.15324661886848 166 23 255 1
541.5975615036748 108.15324661886848 166 23 255 1
506.2422224443474 72.7979075595411 166 23 255 1
541.5975615036748 108.15324661886848 166 23 255 1
576.9529005630022 143.50858567819586 166 23 255 1
551.9529005630022 100.20731548897393 166 23 255 1
576.9529005630022 143.50858567819586 166 23 255 1
564.0119483078762 95.21229436374244 166 23 255 1
576.9529005630022 143.50858567819586 166 23 255 1
576.9529005630022 93.50858567819586 166 23 255 1
576.9529005630022 143.50858567819586 166 23 255 1
589.8938528181283 95.21229436374244 166 23 255 1
576.9529005630022 143.50858567819586 166 23 255 1
601.9529005630022 100.20731548897393 166 23 255 1
576.9529005630022 143.50858567819586 166 23 255 1
612.3082396223296 108.15324661886848 166 23 255 1
576.9529005630022 143.50858567819586 166 23 255 1
620.2541707522241 118.50858567819583 166 23 255 1
576.9529005630022 143.50858567819586 166 23 255 1
625.2491918774556 130.56763342306982 166 23 255 1
576.9529005630022 143.50858567819586 166 23 255 1
626.9529005630022 143.50858567819586 166 23 255 1
576.9529005630022 143.50858567819586 166 23 255 1
625.2491918774556 156.4495379333219 166 23 255 1
576.9529005630022 143.50858567819586 166 23 255 1
620.2541707522241 168.50858567819586 166 23 255 1
576.9529005630022 143.50858567819586 166 23 255 1
612.3082396223297 178.86392473752323 166 23 255 1
576.9529005630022 143.50858567819586 166 23 255 1
601.9529005630022 186.80985586741778 166 23 255 1
576.9529005630022 143.50858567819586 166 23 255 1
589.8938528181283 191.80487699264927 166 23 255 1
576.9529005630022 143.50858567819586 166 23 255 1
576.9529005630022 193.50858567819586 166 23 255 1
576.9529005630022 143.50858567819586 166 23 255 1
564.0119483078762 191.80487699264927 166 23 255 1
576.9529005630022 143.50858567819586 166 23 255 1
551.9529005630022 186.8098558674178 166 23 255 1
576.9529005630022 143.50858567819589 166 23 255 1
541.5975615036749 178.86392473752326 166 23 255 1
576.9529005630022 143.50858567819589 166 23 255 1
533.6516303737803 168.50858567819589 166 23 255 1
576.9529005630022 143.50858567819589 166 23 255 1
528.6566092485489 156.44953793332195 166 23 255 1
576.9529005630022 143.50858567819589 166 23 255 1
526.9529005630022 143.50858567819589 166 23 255 1
576.9529005630022 143.50858567819589 166 23 255 1
528.6566092485489 130.56763342306985 166 23 255 1
576.9529005630022 143.50858567819589 166 23 255 1
533.6516303737803 118.50858567819589 166 23 255 1
576.9529005630022 143.50858567819589 166 23 255 1
541.5975615036748 108.15324661886851 166 23 255 1
576.9529005630022 143.50858567819589 166 23 255 1
551.9529005630022 100.20731548897396 166 23 255 1
576.9529005630022 143.50858567819589 166 23 255 1
601.9529005630022 186.8098558674178 166 23 255 1
589.0119483078762 138.5135645529644 166 23 255 1
601.9529005630022 186.8098558674178 166 23 255 1
601.9529005630022 136.8098558674178 166 23 255 1
601.9529005630022 186.8098558674178 166 23 255 1
614.8938528181283 138.5135645529644 166 23 255 1
601.9529005630022 186.8098558674178 166 23 255 1
626.9529005630022 143.50858567819589 166 23 255 1
601.9529005630022 186.8098558674178 166 23 255 1
637.3082396223296 151.45451680809043 166 23 255 1
601.9529005630022 186.8098558674178 166 23 255 1
645.2541707522241 161.80985586741778 166 23 255 1
601.9529005630022 186.8098558674178 166 23 255 1
650.2491918774556 173.86890361229177 166 23 255 1
601.9529005630022 186.8098558674178 166 23 255 1
651.9529005630022 186.8098558674178 166 23 255 1
601.9529005630022 186.8098558674178 166 23 255 1
650.2491918774556 199.75080812254384 166 23 255 1
601.9529005630022 186.8098558674178 166 23 255 1
645.2541707522241 211.8098558674178 166 23 255 1
601.9529005630022 186.8098558674178 166 23 255 1
637.3082396223297 222.1651949267452 166 23 255 1
601.9529005630022 186.8098558674178 166 23 255 1
626.9529005630022 230.11112605663973 166 23 255 1
601.9529005630022 186.8098558674178 166 23 255 1
614.8938528181283 235.10614718187122 166 23 255 1
601.9529005630022 186.8098558674178 166 23 255 1
601.9529005630022 236.8098558674178 166 23 255 1
601.9529005630022 186.8098558674178 166 23 255 1
589.0119483078762 235.10614718187122 166 23 255 1
601.9529005630022 186.8098558674178 166 23 255 1
576.9529005630022 230.11112605663976 166 23 255 1
601.9529005630022 186.8098558674178 166 23 255 1
566.5975615036749 222.1651949267452 166 23 255 1
601.9529005630022 186.8098558674178 166 23 255 1
558.6516303737803 211.8098558674178 166 23 255 1
601.9529005630022 186.8098558674178 166 23 255 1
553.6566092485489 199.75080812254387 166 23 255 1
601.9529005630022 186.8098558674178 166 23 255 1
551.9529005630022 186.8098558674178 166 23 255 1
601.9529005630022 186.8098558674178 166 23 255 1
553.6566092485489 173.86890361229177 166 23 255 1
601.9529005630023 186.8098558674178 166 23 255 1
558.6516303737804 161.8098558674178 166 23 255 1
601.9529005630023 186.8098558674178 166 23 255 1
566.5975615036749 151.45451680809043 166 23 255 1
601.9529005630023 186.8098558674178 166 23 255 1
576.9529005630023 143.50858567819589 166 23 255 1
601.9529005630023 186.8098558674178 166 23 255 1
589.0119483078763 138.5135645529644 166 23 255 1
601.9529005630023 186.8098558674178 166 23 255 1
614.8938528181284 235.10614718187122 166 23 255 1
614.8938528181284 185.10614718187122 166 23 255 1
614.8938528181284 235.10614718187122 166 23 255 1
627.8348050732544 186.8098558674178 166 23 255 1
614.8938528181284 235.10614718187122 166 23 255 1
639.8938528181284 191.8048769926493 166 23 255 1
614.8938528181284 235.10614718187122 166 23 255 1
650.2491918774557 199.75080812254384 166 23 255 1
614.8938528181284 235.10614718187122 166 23 255 1
658.1951230073503 210.1061471818712 166 23 255 1
614.8938528181284 235.10614718187122 166 23 255 1
663.1901441325817 222.1651949267452 166 23 255 1
614.8938528181284 235.10614718187122 166 23 255 1
664.8938528181284 235.10614718187122 166 23 255 1
614.8938528181284 235.10614718187122 166 23 255 1
663.1901441325817 248.04709943699726 166 23 255 1
614.8938528181284 235.10614718187122 166 23 255 1
658.1951230073503 260.1061471818712 166 23 255 1
614.8938528181284 235.10614718187122 166 23 255 1
650.2491918774558 270.4614862411986 166 23 255 1
614.8938528181284 235.10614718187125 166 23 255 1
639.8938528181284 278.4074173710932 166 23 255 1
614.8938528181284 235.10614718187122 166 23 255 1
627.8348050732544 283.40243849632463 166 23 255 1
614.8938528181284 235.10614718187122 166 23 255 1
614.8938528181284 285.1061471818712 166 23 255 1
614.8938528181284 235.10614718187122 166 23 255 1
601.9529005630023 283.40243849632463 166 23 255 1
614.8938528181284 235.10614718187122 166 23 255 1
589.8938528181284 278.4074173710932 166 23 255 1
614.8938528181284 235.10614718187122 166 23 255 1
579.5385137588011 270.4614862411986 166 23 255 1
614.8938528181284 235.10614718187122 166 23 255 1
571.5925826289065 260.1061471818712 166 23 255 1
614.8938528181284 235.10614718187122 166 23 255 1
566.597561503675 248.04709943699729 166 23 255 1
614.8938528181284 235.10614718187122 166 23 255 1
564.8938528181284 235.10614718187122 166 23 255 1
614.8938528181284 235.10614718187122 166 23 255 1
566.597561503675 222.1651949267452 166 23 255 1
614.8938528181284 235.10614718187122 166 23 255 1
571.5925826289065 210.10614718187122 166 23 255 1
614.8938528181284 235.10614718187122 166 23 255 1
579.538513758801 199.75080812254384 166 23 255 1
614.8938528181284 235.10614718187122 166 23 255 1
589.8938528181284 191.8048769926493 166 23 255 1
614.8938528181284 235.10614718187122 166 23 255 1
601.9529005630023 186.8098558674178 166 23 255 1
614.8938528181284 235.10614718187122 166 23 255 1
614.8938528181284 185.10614718187122 166 23 255 1
614.8938528181284 235.10614718187122 166 23 255 1
614.8938528181284 285.1061471818712 166 23 255 1
627.8348050732544 236.8098558674178 166 23 255 1
614.8938528181284 285.1061471818712 166 23 255 1
639.8938528181284 241.8048769926493 166 23 255 1
614.8938528181284 285.1061471818712 166 23 255 1
650.2491918774557 249.75080812254384 166 23 255 1
614.8938528181284 285.1061471818712 166 23 255 1
658.1951230073503 260.1061471818712 166 23 255 1
614.8938528181284 285.1061471818712 166 23 255 1
663.1901441325817 272.1651949267452 166 23 255 1
614.8938528181284 285.1061471818712 166 23 255 1
664.8938528181284 285.1061471818712 166 23 255 1
614.8938528181284 285.1061471818712 166 23 255 1
663.1901441325817 298.04709943699726 166 23 255 1
614.8938528181284 285.1061471818712 166 23 255 1
658.1951230073503 310.1061471818712 166 23 255 1
614.8938528181284 285.1061471818712 166 23 255 1
650.2491918774558 320.4614862411986 166 23 255 1
614.8938528181284 285.1061471818712 166 23 255 1
639.8938528181284 328.4074173710932 166 23 255 1
614.8938528181284 285.1061471818712 166 23 255 1
627.8348050732544 333.40243849632463 166 23 255 1
614.8938528181284 285.1061471818712 166 23 255 1
614.8938528181284 335.1061471818712 166 23 255 1
614.8938528181284 285.1061471818712 166 23 255 1
601.9529005630023 333.40243849632463 166 23 255 1
614.8938528181284 285.1061471818712 166 23 255 1
589.8938528181284 328.4074173710932 166 23 255 1
614.8938528181284 285.1061471818712 166 23 255 1
579.5385137588011 320.4614862411986 166 23 255 1
614.8938528181284 285.1061471818712 166 23 255 1
571.5925826289065 310.1061471818712 166 23 255 1
614.8938528181284 285.1061471818712 166 23 255 1
566.597561503675 298.04709943699726 166 23 255 1
614.8938528181284 285.1061471818712 166 23 255 1
564.8938528181284 285.1061471818712 166 23 255 1
614.8938528181284 285.1061471818712 166 23 255 1
566.597561503675 272.1651949267452 166 23 255 1
614.8938528181285 285.1061471818712 166 23 255 1
571.5925826289066 260.1061471818712 166 23 255 1
614.8938528181285 285.1061471818712 166 23 255 1
579.5385137588011 249.75080812254384 166 23 255 1
614.8938528181285 285.1061471818712 166 23 255 1
589.8938528181285 241.8048769926493 166 23 255 1
614.8938528181285 285.1061471818712 166 23 255 1
601.9529005630025 236.8098558674178 166 23 255 1
614.8938528181285 285.1061471818712 166 23 255 1
614.8938528181285 235.10614718187122 166 23 255 1
614.8938528181285 285.1061471818712 166 23 255 1
627.8348050732545 236.8098558674178 166 23 255 1
614.8938528181285 285.1061471818712 166 23 255 1
601.9529005630025 333.40243849632463 166 23 255 1
626.9529005630025 290.1011683071027 166 23 255 1
601.9529005630025 333.40243849632463 166 23 255 1
637.3082396223298 298.04709943699726 166 23 255 1
601.9529005630025 333.40243849632463 166 23 255 1
645.2541707522244 308.40243849632463 166 23 255 1
601.9529005630025 333.40243849632463 166 23 255 1
650.2491918774558 320.4614862411986 166 23 255 1
601.9529005630025 333.40243849632463 166 23 255 1
651.9529005630025 333.40243849632463 166 23 255 1
601.9529005630025 333.40243849632463 166 23 255 1
650.2491918774558 346.34339075145067 166 23 255 1
601.9529005630025 333.40243849632463 166 23 255 1
645.2541707522244 358.40243849632463 166 23 255 1
601.9529005630025 333.40243849632463 166 23 255 1
637.3082396223299 368.757777555652 166 23 255 1
601.9529005630025 333.40243849632463 166 23 255 1
626.9529005630025 376.7037086855466 166 23 255 1
601.9529005630025 333.40243849632463 166 23 255 1
614.8938528181285 381.69872981077805 166 23 255 1
601.9529005630025 333.40243849632463 166 23 255 1
601.9529005630025 383.40243849632463 166 23 255 1
601.9529005630025 333.40243849632463 166 23 255 1
589.0119483078764 381.69872981077805 166 23 255 1
601.9529005630025 333.40243849632463 166 23 255 1
576.9529005630025 376.7037086855466 166 23 255 1
601.9529005630025 333.40243849632463 166 23 255 1
566.5975615036751 368.757777555652 166 23 255 1
601.9529005630025 333.40243849632463 166 23 255 1
558.6516303737806 358.40243849632463 166 23 255 1
601.9529005630025 333.40243849632463 166 23 255 1
553.6566092485491 346.34339075145067 166 23 255 1
601.9529005630025 333.40243849632463 166 23 255 1
551.9529005630025 333.40243849632463 166 23 255 1
601.9529005630025 333.40243849632463 166 23 255 1
553.6566092485491 320.4614862411986 166 23 255 1
601.9529005630025 333.40243849632463 166 23 255 1
558.6516303737806 308.40243849632463 166 23 255 1
601.9529005630025 333.40243849632463 166 23 255 1
566.597561503675 298.04709943699726 166 23 255 1
601.9529005630025 333.40243849632463 166 23 255 1
576.9529005630025 290.10116830710274 166 23 255 1
601.9529005630025 333.40243849632463 166 23 255 1
589.0119483078764 285.1061471818712 166 23 255 1
601.9529005630025 333.40243849632463 166 23 255 1
601.9529005630025 283.40243849632463 166 23 255 1
601.9529005630025 333.40243849632463 166 23 255 1
614.8938528181285 285.1061471818712 166 23 255 1
601.9529005630025 333.40243849632463 166 23 255 1
626.9529005630025 290.1011683071027 166 23 255 1
601.9529005630025 333.40243849632463 166 23 255 1
576.9529005630025 376.7037086855466 166 23 255 1
612.3082396223298 341.3483696262192 166 23 255 1
576.9529005630025 376.7037086855466 166 23 255 1
620.2541707522244 351.7037086855466 166 23 255 1
576.9529005630025 376.7037086855466 166 23 255 1
625.2491918774558 363.76275643042055 166 23 255 1
576.9529005630025 376.7037086855466 166 23 255 1
626.9529005630025 376.7037086855466 166 23 255 1
576.9529005630025 376.7037086855466 166 23 255 1
625.2491918774558 389.6446609406726 166 23 255 1
576.9529005630025 376.7037086855466 166 23 255 1
620.2541707522244 401.7037086855466 166 23 255 1
576.9529005630025 376.7037086855466 166 23 255 1
612.3082396223299 412.05904774487396 166 23 255 1
576.9529005630025 376.7037086855466 166 23 255 1
601.9529005630025 420.00497887476854 166 23 255 1
576.9529005630025 376.7037086855466 166 23 255 1
589.8938528181285 425.0 166 23 255 1
576.9529005630025 376.7037086855466 166 23 255 1
576.9529005630025 426.7037086855466 166 23 255 1
576.9529005630025 376.7037086855466 166 23 255 1
564.0119483078764 425.0 166 23 255 1
576.9529005630025 376.7037086855466 166 23 255 1
551.9529005630025 420.00497887476854 166 23 255 1
576.9529005630025 376.7037086855466 166 23 255 1
541.5975615036751 412.05904774487396 166 23 255 1
576.9529005630025 376.7037086855466 166 23 255 1
533.6516303737806 401.7037086855466 166 23 255 1
576.9529005630025 376.7037086855466 166 23 255 1
528.6566092485491 389.6446609406726 166 23 255 1
576.9529005630025 376.7037086855466 166 23 255 1
526.9529005630025 376.7037086855466 166 23 255 1
576.9529005630025 376.7037086855466 166 23 255 1
528.6566092485491 363.76275643042055 166 23 255 1
576.9529005630026 376.7037086855466 166 23 255 1
533.6516303737807 351.7037086855466 166 23 255 1
576.9529005630026 376.7037086855466 166 23 255 1
541.5975615036751 341.3483696262192 166 23 255 1
576.9529005630026 376.7037086855466 166 23 255 1
551.9529005630026 333.4024384963247 166 23 255 1
576.9529005630026 376.7037086855466 166 23 255 1
564.0119483078765 328.4074173710932 166 23 255 1
576.9529005630026 376.7037086855466 166 23 255 1
576.9529005630026 326.7037086855466 166 23 255 1
576.9529005630026 376.7037086855466 166 23 255 1
589.8938528181286 328.4074173710932 166 23 255 1
576.9529005630026 376.7037086855466 166 23 255 1
601.9529005630026 333.40243849632463 166 23 255 1
576.9529005630026 376.7037086855466 166 23 255 1
612.3082396223299 341.3483696262192 166 23 255 1
576.9529005630026 376.7037086855466 166 23 255 1
541.5975615036753 412.05904774487396 166 23 255 1
584.8988316928971 387.05904774487396 166 23 255 1
541.5975615036753 412.05904774487396 166 23 255 1
589.8938528181286 399.11809548974793 166 23 255 1
541.5975615036753 412.05904774487396 166 23 255 1
591.5975615036753 412.05904774487396 166 23 255 1
541.5975615036753 412.05904774487396 166 23 255 1
589.8938528181286 425.0 166 23 255 1
541.5975615036753 412.05904774487396 166 23 255 1
584.8988316928971 437.05904774487396 166 23 255 1
541.5975615036753 412.05904774487396 166 23 255 1
576.9529005630027 447.41438680420134 166 23 255 1
541.5975615036753 412.05904774487396 166 23 255 1
566.5975615036753 455.3603179340959 166 23 255 1
541.5975615036753 412.05904774487396 166 23 255 1
554.5385137588013 460.3553390593274 166 23 255 1
541.5975615036753 412.05904774487396 166 23 255 1
541.5975615036753 462.05904774487396 166 23 255 1
541.5975615036753 412.05904774487396 166 23 255 1
528.6566092485492 460.3553390593274 166 23 255 1
541.5975615036753 412.05904774487396 166 23 255 1
516.5975615036753 455.3603179340959 166 23 255 1
541.5975615036753 412.05904774487396 166 23 255 1
506.2422224443479 447.41438680420134 166 23 255 1
541.5975615036753 412.05904774487396 166 23 255 1
498.2962913144533 437.05904774487396 166 23 255 1
541.5975615036753 412.05904774487396 166 23 255 1
493.30127018922184 425.0 166 23 255 1
541.5975615036753 412.05904774487396 166 23 255 1
491.59756150367525 412.05904774487396 166 23 255 1
541.5975615036753 412.05904774487396 166 23 255 1
493.30127018922184 399.11809548974793 166 23 255 1
541.5975615036753 412.05904774487396 166 23 255 1
498.2962913144533 387.05904774487396 166 23 255 1
541.5975615036753 412.05904774487396 166 23 255 1
506.2422224443479 376.7037086855466 166 23 255 1
541.5975615036753 412.05904774487396 166 23 255 1
516.5975615036753 368.75777755565207 166 23 255 1
541.5975615036753 412.05904774487396 166 23 255 1
528.6566092485492 363.76275643042055 166 23 255 1
541.5975615036753 412.05904774487396 166 23 255 1
541.5975615036753 362.05904774487396 166 23 255 1
541.5975615036753 412.05904774487396 166 23 255 1
554.5385137588013 363.76275643042055 166 23 255 1
541.5975615036753 412.05904774487396 166 23 255 1
566.5975615036753 368.757777555652 166 23 255 1
541.5975615036753 412.05904774487396 166 23 255 1
576.9529005630026 376.7037086855466 166 23 255 1
541.5975615036753 412.05904774487396 166 23 255 1
584.8988316928971 387.05904774487396 166 23 255 1
541.5975615036753 412.05904774487396 166 23 255 1
498.2962913144533 437.05904774487396 166 23 255 1
546.5925826289067 424.11809548974793 166 23 255 1
498.29629131445336 437.05904774487396 166 23 255 1
548.2962913144534 437.05904774487396 166 23 255 1
498.2962913144534 437.05904774487396 166 23 255 1
546.5925826289068 450.0 166 23 255 1
498.2962913144534 437.05904774487396 166 23 255 1
541.5975615036754 462.05904774487396 166 23 255 1
498.2962913144534 437.05904774487396 166 23 255 1
533.6516303737808 472.41438680420134 166 23 255 1
498.29629131445347 437.05904774487396 166 23 255 1
523.2962913144535 480.3603179340959 166 23 255 1
498.29629131445347 437.05904774487396 166 23 255 1
511.2372435695795 485.3553390593274 166 23 255 1
498.29629131445347 437.05904774487396 166 23 255 1
498.29629131445347 487.05904774487396 166 23 255 1
498.29629131445347 437.05904774487396 166 23 255 1
485.35533905932743 485.3553390593274 166 23 255 1
498.29629131445347 437.05904774487396 166 23 255 1
473.29629131445347 480.3603179340959 166 23 255 1
498.29629131445347 437.05904774487396 166 23 255 1
462.9409522551261 472.41438680420134 166 23 255 1
498.29629131445347 437.05904774487396 166 23 255 1
454.9950211252315 462.05904774487396 166 23 255 1
498.29629131445347 437.05904774487396 166 23 255 1
450.00000000000006 450.0 166 23 255 1

POLYGON 48 255 255 255
399.9999999999994 450.0 166 23 255 1
448.2962913144528 462.94095225512604 166 23 255 1
399.9999999999994 450.0 166 23 255 1
443.3012701892213 475.0 166 23 255 1
399.9999999999994 450.0 166 23 255 1
435.35533905932675 485.3553390593274 166 23 255 1
399.9999999999994 450.0 166 23 255 1
424.9999999999994 493.30127018922195 166 23 255 1
399.9999999999994 450.0 166 23 255 1
412.9409522551254 498.2962913144534 166 23 255 1
399.9999999999994 450.0 166 23 255 1
399.9999999999994 500.0 166 23 255 1
399.9999999999994 450.0 166 23 255 1
387.05904774487334 498.2962913144534 166 23 255 1
399.9999999999994 450.0 166 23 255 1
374.9999999999994 493.30127018922195 166 23 255 1
399.9999999999994 450.0 166 23 255 1
364.644660940672 485.3553390593274 166 23 255 1
399.9999999999994 450.0 166 23 255 1
356.6987298107774 475.0 166 23 255 1
399.9999999999994 450.0 166 23 255 1
351.70370868554596 462.94095225512604 166 23 255 1
399.9999999999994 450.0 166 23 255 1
349.9999999999994 450.0 166 23 255 1
399.9999999999994 450.0 166 23 255 1
351.70370868554596 437.05904774487396 166 23 255 1
399.9999999999994 450.0 166 23 255 1
356.6987298107774 425.0 166 23 255 1
399.9999999999994 450.0 166 23 255 1
364.644660940672 414.6446609406726 166 23 255 1
399.9999999999994 450.0 166 23 255 1
374.9999999999994 406.6987298107781 166 23 255 1
399.9999999999994 450.0 166 23 255 1
387.05904774487334 401.7037086855466 166 23 255 1
399.9999999999994 450.0 166 23 255 1
399.9999999999994 400.0 166 23 255 1
399.9999999999994 450.0 166 23 255 1
412.9409522551254 401.7037086855466 166 23 255 1
399.9999999999994 450.0 166 23 255 1
424.9999999999994 406.69872981077805 166 23 255 1
399.9999999999994 450.0 166 23 255 1
435.35533905932675 414.6446609406726 166 23 255 1
399.9999999999994 450.0 166 23 255 1
443.30127018922127 425.0 166 23 255 1
399.9999999999994 450.0 166 23 255 1
448.2962913144528 437.05904774487396 166 23 255 1
399.9999999999994 450.0 166 23 255 1
449.9999999999994 450.0 166 23 255 1
